224 223
223 223
223 223
224 225
226 228
229 232
234 237
241 244




218
211 205
199 194
189 184
180 176
173 170
167 165
162 160
158 156
155 154
153 152
151 150
150 150
150 151
151
153 154
156 158
160 163
165 168
171 174
178 183
187 193
199 207
216 213
206 201
198 193
188 184
180 177
173 166
161
155 154
152 151
150 150
149 149
148 147
148 149
152 153
153 154
155 157
158 160
163 165
168 171
174 178
182 187
192 198
204 211
204 198
192
183 178
169 167
165
157
156 152
154 150
149 147
146 147
146 145
146 145
145

149
150
151 151
155

168
175


272




241 238
235 232
230 229
227 225
